DEM	8648.0	-155.0	0.14967355	0.16383724
NDVI	11842.0	-999.0	0.19109541	0.11605971	
POP	114527	0	0.0012587791834000348	0.006547162153855965	
pri_sec.tif	21.61046	0.0	0.005272315	0.023365127	
Tropomi	2399566.0	0.0	1.5276473e-05	5.059904e-06	
SILAM	255.0	0.0	0.21393375	0.10733162	
PS	104768.89	0	0.5337502	0.0725497	
T2M	324.58582	0	0.84617877	0.042793334	
TROPCOL_O3	121.87059	5.0882206	0.24948946	0.06987866	
U2M	26.886177	-27.576185	0.5299518	0.048265178	
V2M	30.834154	-27.03651	0.48254824	0.038146853	
ZPBL	5757.424	0	0.09772687	0.061583277	
