SILAM 255 0 0.22971185476975048 0.1252669491883795
Tropomi 255 0 0.2248772526121102 0.12263007846699311
PS 102918.83 0 0.32800254082539154 0.09067067780285257
T2M 102918.83 0 0.31194045568896095 0.06880757431254002
TROPCOL_O3 102918.83 0 0.2781749632896227 0.05465886955514377
U2M 102918.83 -14.780531 0.24621141693290435 0.04506763472134959
V2M 102918.83 -15.722547 0.21911482866156068 0.038229591747283916
ZPBL 102918.83 -383.18112 0.19767963052018075 0.033330941430411286
DEM 102918.83 -383.18112 0.1845521571022351 0.030330880437533667
NDVI_resample 102918.83 -383.18112 0.1756866391186163 0.028304816941724122
POP 102918.83 -383.18112 0.16929741720291658 0.02684466883600211
pri_sec.tif 102918.83 -383.18112 0.16447412245458198 0.02574238677677136
teriary 102918.83 -383.18112 0.16070391372630047 0.0248807696338059